%YAML:1.0
doorPolygons00: [ 215, 280 ]
doorPolygons01: [ 8, 318 ]
doorPolygons02: [ 629, 330 ]
doorPolygons03: [ 424, 272 ]
doorPolygons10: [ 210, 267 ]
doorPolygons11: [ 425, 270 ]
doorPolygons12: [ 6, 317 ]
doorPolygonsCount: [ 4, 3 ]
exclusionPolygons00: [ 211, 274 ]
exclusionPolygons01: [ 11, 321 ]
exclusionPolygons02: [ 0, 3 ]
exclusionPolygons03: [ 82, 4 ]
exclusionPolygons04: [ 124, 81 ]
exclusionPolygons05: [ 134, 120 ]
exclusionPolygons06: [ 113, 170 ]
exclusionPolygons07: [ 99, 213 ]
exclusionPolygons08: [ 111, 241 ]
exclusionPolygons09: [ 149, 259 ]
exclusionPolygons10: [ 480, 283 ]
exclusionPolygons11: [ 638, 331 ]
exclusionPolygons12: [ 639, 77 ]
exclusionPolygons13: [ 638, 2 ]
exclusionPolygons14: [ 538, 2 ]
exclusionPolygons15: [ 601, 57 ]
exclusionPolygons16: [ 578, 101 ]
exclusionPolygons17: [ 540, 110 ]
exclusionPolygons18: [ 512, 144 ]
exclusionPolygons19: [ 515, 256 ]
exclusionPolygons110: [ 515, 256 ]
exclusionPolygons20: [ 3, 317 ]
exclusionPolygons21: [ 631, 321 ]
exclusionPolygons22: [ 638, 340 ]
exclusionPolygons23: [ 3, 334 ]
exclusionPolygons30: [ 477, 332 ]
exclusionPolygons31: [ 576, 275 ]
exclusionPolygons32: [ 592, 337 ]
exclusionPolygons40: [ 579, 304 ]
exclusionPolygons41: [ 602, 342 ]
exclusionPolygons42: [ 629, 299 ]
exclusionPolygons50: [ 65, 286 ]
exclusionPolygons51: [ 108, 341 ]
exclusionPolygons52: [ 1, 321 ]
exclusionPolygons60: [ 92, 281 ]
exclusionPolygons61: [ 156, 326 ]
exclusionPolygons62: [ 52, 318 ]
exclusionPolygonsCount: [ 10, 11, 4, 3, 3, 3, 3 ]
circleCenterX: 330
circleCenterY: 334
circleRadius: 160
