%YAML:1.0
doorPolygons00: [ 549, 479 ]
doorPolygons01: [ 532, 342 ]
doorPolygons02: [ 333, 286 ]
doorPolygons03: [ 101, 333 ]
doorPolygons04: [ 82, 479 ]
doorPolygonsCount: [ 5 ]
exclusionPolygons00: [ 71, 457 ]
exclusionPolygons01: [ 128, 412 ]
exclusionPolygons02: [ 122, 348 ]
exclusionPolygons03: [ 42, 379 ]
exclusionPolygons04: [ 56, 474 ]
exclusionPolygons10: [ 562, 470 ]
exclusionPolygons11: [ 509, 416 ]
exclusionPolygons12: [ 515, 345 ]
exclusionPolygons13: [ 606, 362 ]
exclusionPolygons14: [ 612, 479 ]
exclusionPolygons20: [ 596, 376 ]
exclusionPolygons21: [ 639, 388 ]
exclusionPolygons22: [ 634, 479 ]
exclusionPolygons23: [ 590, 479 ]
exclusionPolygons30: [ 68, 477 ]
exclusionPolygons31: [ 79, 363 ]
exclusionPolygons32: [ 6, 366 ]
exclusionPolygons33: [ 5, 459 ]
exclusionPolygonsCount: [ 5, 5, 4, 4 ]
circleCenterX: 318
circleCenterY: 479
circleRadius: 299
