%YAML:1.0
doorPolygons00: [ 126, 310 ]
doorPolygons01: [ 115, 295 ]
doorPolygons02: [ 91, 275 ]
doorPolygons03: [ 105, 237 ]
doorPolygons04: [ 166, 217 ]
doorPolygons05: [ 228, 208 ]
doorPolygons06: [ 286, 203 ]
doorPolygons07: [ 334, 205 ]
doorPolygons08: [ 401, 218 ]
doorPolygons09: [ 426, 234 ]
doorPolygons010: [ 450, 246 ]
doorPolygons011: [ 467, 260 ]
doorPolygons012: [ 475, 269 ]
doorPolygons013: [ 475, 279 ]
doorPolygons014: [ 467, 308 ]
doorPolygonsCount: [ 15 ]
exclusionPolygons00: [ 7, 310 ]
exclusionPolygons01: [ 639, 307 ]
exclusionPolygons02: [ 639, 352 ]
exclusionPolygons03: [ 8, 348 ]
exclusionPolygons10: [ 639, 81 ]
exclusionPolygons11: [ 591, 112 ]
exclusionPolygons12: [ 590, 131 ]
exclusionPolygons13: [ 582, 135 ]
exclusionPolygons14: [ 585, 313 ]
exclusionPolygons15: [ 639, 320 ]
exclusionPolygons20: [ 8, 253 ]
exclusionPolygons21: [ 69, 255 ]
exclusionPolygons22: [ 114, 293 ]
exclusionPolygons23: [ 128, 313 ]
exclusionPolygons24: [ 6, 330 ]
exclusionPolygons30: [ 469, 314 ]
exclusionPolygons31: [ 473, 282 ]
exclusionPolygons32: [ 599, 273 ]
exclusionPolygons33: [ 610, 330 ]
exclusionPolygonsCount: [ 4, 6, 5, 4 ]
circleCenterX: 275
circleCenterY: 352
circleRadius: 221
