%YAML:1.0
doorPolygons00: [ 495, 364 ]
doorPolygons01: [ 489, 258 ]
doorPolygons02: [ 330, 204 ]
doorPolygons03: [ 174, 255 ]
doorPolygons04: [ 188, 358 ]
doorPolygons10: [ 146, 281 ]
doorPolygons11: [ 188, 238 ]
doorPolygons12: [ 267, 206 ]
doorPolygons13: [ 374, 204 ]
doorPolygons14: [ 442, 226 ]
doorPolygons15: [ 511, 274 ]
doorPolygons16: [ 539, 304 ]
doorPolygons17: [ 119, 334 ]
doorPolygonsCount: [ 5, 8 ]
exclusionPolygons00: [ 443, 293 ]
exclusionPolygons01: [ 504, 371 ]
exclusionPolygons02: [ 591, 362 ]
exclusionPolygons03: [ 590, 306 ]
exclusionPolygons10: [ 163, 376 ]
exclusionPolygons11: [ 244, 283 ]
exclusionPolygons12: [ 79, 342 ]
exclusionPolygonsCount: [ 4, 3 ]
circleCenterX: 327
circleCenterY: 479
circleRadius: 284
